time,x,y,z,phi,theta,psi,x_velocity,y_velocity,z_velocity,phi_velocity,theta_velocity,psi_velocity,rotor_speed1,rotor_speed2,rotor_speed3,rotor_speed4
0.06,2.2236482014775804e-09,-4.824203382828422e-08,10.007484100205627,6.28283823414878,6.283182909311364,0.0,2.2281185741294424e-07,-1.856984163079138e-05,0.24944823279025774,-0.021044863781775402,-0.00012002127652734759,0.0,482.96849424445577,482.95944442404635,481.8174173700577,480.22410310311295
0.12000000000000001,-7.143347414259503e-08,-1.464977083567126e-05,10.028643533792248,6.281872114264463,0.0001514613572100032,0.0,-1.1875488868962524e-05,-0.0005976012774324385,0.4558060268262042,-0.0077006337178281235,0.007455183040418472,0.0,469.58946370776624,470.1765720997876,468.65158996139735,469.6875618356587
0.18,-5.127598536055223e-06,-7.650763945460303e-05,10.057080323547577,6.281647644358992,0.0005168597971874078,0.0,-0.00019441545623689348,-0.0014951672613408144,0.4920716889165045,0.003189802237203944,0.003209224452758107,0.0,416.27204412433593,415.90028755191685,416.26810817948,417.21993705958397
0.23999999999999996,-2.8150649904709967e-05,-0.00019715018111455187,10.089537346831358,6.281455498483188,0.000683997593482033,0.0,-0.0005912930618443598,-0.002521354438713282,0.5897831890204616,-0.020772520171470035,0.001924632733588322,0.0,436.36477973704143,436.2574919418598,437.57397814128,435.57496962688305
0.3,-7.849105052322573e-05,-0.00039004670961241463,10.128446818211753,6.280038159243066,0.0006684136249468509,0.0,-0.0010923198108655566,-0.004046930354957437,0.7071330978715669,-0.030036328124738214,-0.0050321472243974015,0.0,442.4155959915569,441.8425225908979,443.7508301895597,442.98976313324425
0.36000000000000004,-0.00015698040972305334,-0.0007061487381962952,10.174260549094972,6.278184813540761,6.283128934427189,0.0,-0.001477111569345437,-0.00667938514113238,0.8199159818248362,-0.03265129222387221,-0.03242953779377992,0.0,442.8160331716702,440.5568774311698,441.35817394931684,441.14199575328894
0.4200000000000001,-0.00023707527851554966,-0.0012148818515426414,10.226059493845215,6.276789579013073,6.280970963417051,0.0,-0.0009886281359210347,-0.010441191784773913,0.9066492452495934,-0.009088070199051052,-0.04419026791284819,0.0,434.0141961541908,433.02547561383017,432.23483929818906,434.2156815167028
0.48000000000000015,-0.00024339178185201334,-0.001968714778789097,10.282399390454525,6.276199115227277,6.2783460944586675,0.0,0.0010332151832180014,-0.014741139609946509,0.9712930922281972,-0.01139125710083045,-0.0428775356681327,0.0,426.667354670198,426.7782370493227,426.1523664403792,425.95559169039336
0.5400000000000001,-7.258627033847312e-05,-0.0029986908263118614,10.343472887272027,6.275489359850104,6.27560241138457,0.0,0.004927575230610222,-0.01966114081832915,1.0644056099934869,-0.01271995387382736,-0.05214243197552204,0.0,435.8400898354901,435.06385189419683,435.97213294908386,435.8612353910139
0.6000000000000002,0.0004107298341305106,-0.004358759861402728,10.412690085145709,6.274385034785368,6.272629190524778,0.0,0.011527544846728473,-0.025775141804985267,1.2426536003419748,-0.03330721336654869,-0.04482418418817906,0.0,462.09759944169394,462.6726185082777,462.8571920094786,461.234343529013
0.6600000000000003,0.001261198094746207,-0.0060365715744213145,10.48398128056612,6.273099090512865,6.270287479655471,0.0,0.017000113642280823,-0.030264823091310473,1.1338318170571249,-0.0045680934834163335,-0.029417917583832883,0.0,365.75118775078954,367.28103245619025,364.76788759652925,367.62611916977727
0.7200000000000003,0.00254051998571508,-0.008051400089397132,10.553970259194475,6.272726465257973,6.2686801577477915,0.0,0.02580593709854149,-0.036926579512220135,1.1990649781732825,-0.009716036597557166,-0.02199070220317113,0.0,425.8820460887235,426.51656740414677,428.1446227864501,427.7065563879338
0.7800000000000004,0.00437392884684024,-0.010470383575705117,10.627579372265744,6.272810125265764,6.267341424940916,0.0,0.03543358174796835,-0.04372356664764081,1.2545103192778893,0.017461019256945952,-0.02296304370977783,0.0,424.37711546750336,424.2936036557188,422.54013230555114,424.87634287354314
0.8400000000000004,0.006905097669594336,-0.013349820168759264,10.710350964577009,6.274014126399475,6.265650828543343,0.0,0.04912085228534614,-0.052114388437723425,1.5042462286077545,0.02482564921368271,-0.04144971639147109,0.0,483.1607829535949,481.7649554315102,484.5769276663785,485.13010601036785
0.9000000000000005,0.010262769967922863,-0.016679594424925445,10.805749411239896,6.275492731082185,6.262853582177996,0.0,0.06309143591994275,-0.05870906287488978,1.6754624217893932,0.024276468247718026,-0.05974958117515715,0.0,462.216552975012,460.7709292468811,460.89882397879165,460.85548799379967
0.9600000000000005,0.01451167363534534,-0.020365091473403436,10.910686024152882,6.277613648605179,6.259152162236134,0.0,0.07893035873771448,-0.06393781612276533,1.8221945796388752,0.05137145592871367,-0.06588350714040996,0.0,453.62681155225044,453.13135663996724,454.05815904581203,456.22697208655484
1.0200000000000005,0.01979862990173753,-0.024312988237092072,11.024641944508511,6.280604242679168,6.255747959675379,0.0,0.09769476307165081,-0.06732353089322782,1.9760735606415227,0.04659802428199083,-0.04286504333545503,0.0,456.6250619729297,458.45524740572193,456.52504684112427,456.1455197839927
1.0800000000000005,0.02627265724211535,-0.02839793120834204,11.147486699397334,6.283149881703039,6.2532880722227375,0.0,0.1183709619486403,-0.06854991279312625,2.118490463707186,0.032411366108587025,-0.037504703340405725,0.0,453.2059269538555,453.6356839129986,455.13205487431384,453.99618086258886
1.1400000000000006,0.03405402556897424,-0.03250380984783587,11.279335757537844,0.0019588850230523036,6.250905024343606,0.0,0.14125409421979004,-0.06809521652217444,2.2761683981211416,0.034843185366124706,-0.044556115932827045,0.0,459.2023830915177,458.641949207218,459.38451592738596,459.577690450555
1.2000000000000006,0.043241990100154636,-0.03653843912856351,11.419990117311213,0.004320839631126283,6.248144890312357,0.0,0.1652931758115908,-0.06615302749575648,2.4120215801251086,0.04714762118804881,-0.04906276820655444,0.0,454.197811558717,453.83504523496396,451.87620524600294,452.86770416501156
1.2600000000000007,0.053874708217874594,-0.0404102718249986,11.567177218105122,0.006703882134733163,6.245954394531168,0.0,0.18937142729832745,-0.06264300876026933,2.4940275511940238,0.01757263334206808,-0.01895724979220966,0.0,435.87762086318844,438.38543207408287,438.00955465836194,435.54384127493665
1.3200000000000007,0.06612007922600363,-0.04400649397019187,11.722744527811656,0.007479476708928345,6.244745998581077,0.0,0.21892646248615288,-0.05712515932981299,2.6910983156216752,0.0014751924055482575,-0.02261669180138942,0.0,472.75299922250446,472.4710055431193,473.2444599263232,472.00369968114927
1.3800000000000008,0.08012289191785944,-0.04726618168264101,11.888972200568306,0.007568651809689797,6.2434812648072295,0.0,0.24796296232409876,-0.051524067844422275,2.8494341842410593,0.001508362885031817,-0.018168469731354685,0.0,462.1136799591631,462.46420117689723,461.6933528053606,461.69593743778063
1.4400000000000008,0.09586151667111042,-0.050193767022423154,12.063858467055585,0.007996276318610995,6.242322337122493,0.0,0.27676298836335483,-0.04603501595508875,2.979768977160084,0.016493560993312013,-0.02171401792749029,0.0,454.80555419805853,454.52154249420715,453.29414834128113,454.4966744596515
1.5000000000000009,0.11319106036394527,-0.052811816974032644,12.242611365790387,0.009093093334423763,6.241146997317559,0.0,0.30099472086918083,-0.04114231877226456,2.9786556944812266,0.021633331093470667,-0.015646133654867327,0.0,413.04949591879983,413.5842878743701,411.8627113275335,412.31702139486265
1.560000000000001,0.13225622335748213,-0.05505770595609675,12.427531960994207,0.009935114605132078,6.240860598502117,0.0,0.33455069910987584,-0.033590710258137646,3.184804816062272,-0.008970441190226913,0.011038876518908157,0.0,476.79699020045405,478.8314133239967,478.7494368678609,476.4151267321719
1.620000000000001,0.15316362228749333,-0.05687840014303581,12.62076032098846,0.009592448891881489,6.241525937709456,0.0,0.36228689902491495,-0.027143254596928793,3.2559403744513613,0.00011930400652030923,0.011189018836532923,0.0,438.1730533701953,438.18541272362825,436.78667406392833,437.54418923758243
1.680000000000001,0.1758249517231697,-0.058293393736398316,12.82074586226125,0.009326271209914694,6.242181244724861,0.0,0.3929966138044707,-0.02003931141510024,3.4097974908115556,-0.015609699633695453,0.010381885072404555,0.0,463.49629389522875,463.43272457171025,464.60571369143844,463.3709095903607
1.740000000000001,0.20012254339771776,-0.059334634120688165,13.025295082583751,0.008068364992334764,6.243186344589805,0.0,0.41684748199227123,-0.014761309608787248,3.408515044264339,-0.03471692935522956,0.027148083785627122,0.0,416.116201553651,417.58135753214856,414.76562067960805,413.08394494329514
1.8000000000000012,0.22591665353879764,-0.06006815030613498,13.231964334066927,0.005954581618179411,6.245270934960889,0.0,0.44275937149759265,-0.009895862695981033,3.4802509583575065,-0.0362753176799411,0.04673392749827885,0.0,438.9489548432872,440.5718791110743,438.78740820679275,438.6574564245382
1.8600000000000012,0.2532479652195325,-0.06054733582499188,13.443737202287078,0.0039305773028521784,6.249070891800351,0.0,0.4679206339068796,-0.006291687799194574,3.5785557155623624,-0.029081801867683787,0.08458181121357783,0.0,446.59800902699106,449.6771506958967,447.6600691647503,448.244598760262
1.9200000000000013,0.282031505322688,-0.06084736734789506,13.662286048733929,0.0020956443668520564,6.253780350371013,0.0,0.49098882572448965,-0.003900274283398601,3.7060212719643024,-0.03376527929194481,0.06210999036904173,0.0,457.9305551417065,456.14399970107786,458.425012576771,458.0524095591017
1.9800000000000013,0.3121068518915031,-0.06104421073457696,13.888644768726314,6.283091059048074,6.257236111581863,0.0,0.5111197251018011,-0.0028863224779639048,3.8388459214731157,-0.04261540606159795,0.046556400565814185,0.0,460.40527901866056,459.1751080456506,460.7080898981379,460.0071958773844
2.0400000000000014,0.34330197831211157,-0.06122929254079545,14.122347132464379,6.280130963902746,6.260008626969267,0.0,0.5284151713789748,-0.0035633433656962503,3.950861147563605,-0.06823931526117255,0.04550396070778382,0.0,454.2763242903998,454.1931289778252,455.98949746843886,453.93612624937225
2.1000000000000014,0.37543007921596894,-0.061515457798752296,14.36074867031848,6.27558757895787,6.26259864745759,0.0,0.5422638188318837,-0.006373234015824327,3.995707684278677,-0.09811804838826971,0.03802892080247759,0.0,434.48530731460227,433.85918090311026,435.6200541502338,433.1090560578809
2.1600000000000015,0.408338132325716,-0.062062076084029166,14.601727156613185,6.269621862627147,6.265006830488591,0.0,0.5544455191609832,-0.012398997859482692,4.036766543768002,-0.10218542640939478,0.04404830455922727,0.0,433.0004304586266,433.50743360763886,433.67375862546834,433.3231549672026
2.2200000000000015,0.4418750309045446,-0.06303891065655925,14.842109867084522,6.263139118691861,6.26813406014778,0.0,0.563222082726545,-0.020656348888850894,3.976205020322543,-0.12356149437615774,0.06470425054500342,0.0,398.63618007565276,400.52144511116643,400.5833886736876,398.6225434183824
2.2800000000000016,0.4759393303811195,-0.06470059602517098,15.082748214658155,6.256074287110049,6.271416117420326,0.0,0.5718678877531814,-0.03543137332419434,4.0448289445957295,-0.10811642601180801,0.00417093249687488,0.0,444.70271336298345,439.7173818348905,441.2169293895607,442.47763977074163
2.3400000000000016,0.5104456358978642,-0.06732321443864611,15.32531082708607,6.2495410276249075,6.271869120581041,0.0,0.578309699681981,-0.05255355997600044,4.0405907333627225,-0.11047509687527081,0.013571955161082817,0.0,419.2388267113902,420.0548421252529,418.29239438379966,418.0756488782742
2.4000000000000017,0.5453805001469353,-0.07124950292700588,15.572264385250563,6.243501793079579,6.27254198859772,0.0,0.5860958860942246,-0.07899133649786706,4.190632855434983,-0.08601190099967473,0.006024841903847008,0.0,467.0605640228977,466.471414959142,467.48039534375147,469.37433741721986
2.4600000000000017,0.580746326907754,-0.07680281288181702,15.826065374488737,6.238809582312351,6.272735694958257,0.0,0.5927322568470487,-0.10659035499296543,4.269088466966331,-0.06594920501762644,-0.003051230550126513,0.0,446.4647275388671,445.7234824914617,446.8019817233827,448.42979192556527
2.520000000000002,0.6165191952058178,-0.0841523841396157,16.085685298815182,6.234861299449733,6.273049121772848,0.0,0.5996800587031852,-0.13878718741293178,4.3844508861915665,-0.06551742826563729,0.018060393539991376,0.0,457.7371064453678,459.4141964762818,459.22898806504685,459.26018500812273
2.580000000000002,0.6526818477141466,-0.09344138547805185,16.350680041012232,6.23072374847588,6.274507884111461,0.0,0.6056115278545353,-0.17122253994038306,4.448439762667907,-0.07692270774759151,0.03455012341878863,0.0,443.0907968906935,444.44457806292274,444.5652688531877,443.626000124401
2.640000000000002,0.6891797863620582,-0.10483468742730882,16.6209176192091,6.226390345241908,6.276258443384581,0.0,0.6107783939562539,-0.20899248987110441,4.559019379667059,-0.06418212528001685,0.01536126250479939,0.0,460.4385421557219,458.9180016087428,457.7128598601697,458.7218656892325
2.700000000000002,0.7259277212946915,-0.11835085196989133,16.893768884787697,6.22292161650023,6.2770423434010905,0.0,0.6140796499488029,-0.24185579211048172,4.536091743012342,-0.04741877344799719,0.008023965719357502,0.0,418.4895891702662,417.8502509987816,415.56820573245744,417.0325407987163
2.760000000000002,0.7628719137301481,-0.13399931888918065,17.166958723826806,6.220102811429747,6.2772536143829925,0.0,0.6173575858052729,-0.280011967995037,4.5700770244543465,-0.04611710949100977,-0.007490974742132864,0.0,437.09607874783495,435.8009816169013,435.06966890205103,435.1772795913632
2.820000000000002,0.8000105845028977,-0.15197840461863252,17.4420150757172,6.217680804929497,6.277039584227822,0.0,0.6206264718587516,-0.31951824791870487,4.598328693295964,-0.030819129797182595,0.0033088825869802153,0.0,433.9767429274452,434.8824804468548,433.4989983055262,434.78179029654876
2.880000000000002,0.8373493670120786,-0.17239186254089348,17.719110739608634,6.216571808242806,6.276873075122232,0.0,0.6239923453180326,-0.3610502428950616,4.638013513072707,-0.0011492650396670544,-0.019145683717514614,0.0,438.4194760276984,436.54963596865525,437.7847145133288,440.2467588023685
2.940000000000002,0.8748889579182964,-0.19522116194541828,17.997209414329806,6.2162101278482496,6.2755022818592,0.0,0.6274358687060185,-0.39994456113803206,4.631951407622027,-0.01821195887348836,-0.03152423814206978,0.0,424.3115307070988,423.2472768103909,424.4601803862264,422.99322896030424
3.000000000000002,0.912678594017383,-0.22053801978147808,18.27710279882582,6.21596741899646,6.274013624680219,0.0,0.6323788365373243,-0.44398878208356046,4.697539116047374,0.015062459945343094,-0.013957536288259891,0.0,445.6404085315141,447.0740347704494,445.9352996205819,448.64547678737495
3.0600000000000023,0.9507732348460015,-0.24837002140595082,18.5590536490468,6.2173100743470116,6.273179179138616,0.0,0.6375154940780864,-0.48364427102415936,4.700802600016336,0.034013685796330156,-0.013807395615542672,0.0,427.6076160439158,427.62051290573726,426.441754943624,428.0577804548545
3.1200000000000023,0.9892487603812072,-0.27893043898407127,18.846927257443745,6.219057654906832,6.2718362840030615,0.0,0.6451058637779091,-0.534763775659213,4.894173681099632,0.01691782184623191,-0.051142627014669,0.0,487.29143218285816,484.49199158421,486.46118926404495,485.17937781137897
3.1800000000000024,1.0281444443568812,-0.31210803402006654,19.13993903092199,6.219654424605292,6.268536714406283,0.0,0.6516869981555973,-0.5710916408311599,4.872960309488319,-0.010064601759722135,-0.06408578520032475,0.0,421.6848595282411,420.5628450158499,422.43058211278515,420.09699889675767
3.2400000000000024,1.0674842489942609,-0.3474203096271565,19.43103766421861,6.218901877286029,6.264704824873348,0.0,0.6599559494915271,-0.6060523535555193,4.830480004114248,-0.018026270720780432,-0.06342673658888318,0.0,413.91144461932555,413.9661447396109,414.2075798334611,413.5068037460569
3.3000000000000025,1.107465761146663,-0.38512109342234874,19.72387100355666,6.217317479120087,6.2609194834387765,0.0,0.6731418200392094,-0.6507396586038152,4.9301647313169665,-0.05386930048173445,-0.062422318255422736,0.0,459.3551965779411,459.4321051387476,460.5573569679225,457.71294604134454
3.3600000000000025,1.1482457888722528,-0.42533886512005614,20.019586444939033,6.214231709133781,6.2569703013463425,0.0,0.6865270067522331,-0.69012810709064,4.9269774953189085,-0.0469505109219788,-0.0736638292197362,0.0,428.57317551306437,427.613037743046,427.0507348800969,427.63875249303686
3.4200000000000026,1.1900098800660186,-0.4682536386849795,20.319130602453654,6.211116955697886,6.252130818876141,0.0,0.7060819865808099,-0.7406380287538336,5.057188636720659,-0.06435729387936423,-0.10074772553603381,0.0,470.2177053832813,468.1093753440061,470.62363510166387,469.27255433608633
3.4800000000000026,1.233009554013439,-0.5141597538490214,20.624961887045586,6.2076607205268886,6.24649297658129,0.0,0.7278070759935816,-0.7898986565717723,5.136745784372976,-0.046700271383619464,-0.08302344464317604,0.0,455.5274756879808,456.9354208634781,454.05688888790974,455.4691085517228
3.5400000000000027,1.277449147283079,-0.5631417435980175,20.936264268162223,6.2048380142522745,6.241936482236728,0.0,0.7539808491813808,-0.8430869501309621,5.239451068448288,-0.047743618226234096,-0.06461039286117837,0.0,462.7202066357003,464.1632470194099,463.5555522196194,463.47232053865304
3.6000000000000028,1.3234382879170057,-0.6151639543138432,21.251059926069992,6.202321722297011,6.237927988390421,0.0,0.7793382214533354,-0.8912215478649228,5.253599901461432,-0.032314202353409024,-0.071609822881866,0.0,437.72203266184687,437.13563173024346,435.8395223829116,437.12635549836
3.660000000000003,1.371006133584775,-0.6700886821800206,21.566336853980488,6.200255688172469,6.233598861864291,0.0,0.8066321829919183,-0.9397792948672499,5.255550070974108,-0.039050479114584605,-0.07325873243655659,0.0,433.0831737779598,432.94026750667007,433.8850214529821,433.31847527572677
3.720000000000003,1.420206969305194,-0.7278308403783086,21.880107825307668,6.197971053547363,6.228924923837894,0.0,0.8337649376954103,-0.9851660284388518,5.20364726190996,-0.03619900506633203,-0.08932354452308143,0.0,416.37636044025186,414.9628497781432,415.4722122354057,415.7213784887061
3.780000000000003,1.4712112679576141,-0.7884837009717772,22.192510684735076,6.1963113975021535,6.22345412702032,0.0,0.8668519984954658,-1.03676154452926,5.209664640257236,-0.014508010950831367,-0.09517529568134295,0.0,434.05067164310253,433.5519881352008,434.2355972943709,436.05140042417435
3.840000000000003,1.5245463975038376,-0.8526110412717363,22.509303879603745,6.196080919042622,6.21761852148787,0.0,0.9115659633364528,-1.1008164600537749,5.349359439769739,0.011748025375589647,-0.10179102276833209,0.0,475.7328821264446,475.21853076535575,475.6869616793787,477.69368008009013
3.900000000000003,1.5804221933788463,-0.9202290020939143,22.830419928180724,6.1975601473079305,6.211596682330917,0.0,0.9514898603585878,-1.1530183735114907,5.354410178678273,0.04255455265214958,-0.0976547008041175,0.0,437.1787274380487,437.51442209298176,433.3536496545289,435.9360568497641
3.960000000000003,1.6387368307868997,-0.9908764224418678,23.15096845903308,6.199859840078403,6.205561901834972,0.0,0.9928332777607597,-1.201712326581335,5.330591968651079,0.028148407676774352,-0.1071806996128008,0.0,426.42487373081457,425.6009144782417,428.1172592819318,426.89026873061545
4.020000000000002,1.699780457201549,-1.0645640220435262,23.471908064429577,6.201578340749737,6.199267110873196,0.0,1.042524862484028,-1.2543789072561446,5.367136016763348,0.029610253225357208,-0.10072867623578072,0.0,446.504333424789,447.02091439808345,445.53687919648246,445.6566290915734
4.080000000000001,1.7638189574062175,-1.1412835474215488,23.79382564256593,6.2028735981382646,6.193243509991497,0.0,1.0926098322482325,-1.3028104223757662,5.363383704186954,-0.0037055626346902716,-0.09973151129789894,0.0,434.10848369335906,434.1832049761207,434.86814347094656,432.06795737879736
4.14,1.8310422070610246,-1.2209614598917018,24.116323971509267,6.202427303246608,6.187100305460543,0.0,1.148695190452897,-1.3531475640119806,5.386334205030289,-0.016205988803705204,-0.10830506094026879,0.0,443.8261682713499,443.1126422427518,442.21517075992836,441.18418649270455
4.199999999999998,1.9017021403311207,-1.3036368752300875,24.439756235764406,6.202165913403146,6.18062921564575,0.0,1.2071954843888344,-1.4027517232385711,5.394571642527617,0.012483842012270877,-0.1069602192087284,0.0,438.8272216261033,438.92847468600405,436.6640995697914,439.05137901575335
4.259999999999997,1.975915676681844,-1.3892357557219122,24.76298744930695,6.202913703835598,6.174012606792619,0.0,1.2671385324108078,-1.450497185904455,5.379754192938943,0.012421806299218612,-0.11790098635457547,0.0,431.69449613391754,430.75888476677983,431.228071849374,431.2227140538955
4.319999999999996,2.0536454275109697,-1.477549144605,25.083566341652265,6.203560318782891,6.167413878687647,0.0,1.3243991481599044,-1.4932690009135665,5.306439764812825,0.007265600537298674,-0.09758585095973221,0.0,410.54169607206524,412.3286282626019,412.20967221996057,411.75356174260094
4.379999999999995,2.13490035348236,-1.5684173692568188,25.39966738640323,6.2044344920117425,6.161229158479296,0.0,1.384579672596513,-1.535661428527797,5.230504704575348,0.026191992149040416,-0.11728810575879335,0.0,411.1966733872568,409.4367300133458,409.39724621043194,411.0780760206853
4.439999999999993,2.219754000629327,-1.6617479350211095,25.710325794064204,6.205829087599833,6.1538000199297915,0.0,1.444434811631395,-1.5753044080935579,5.125144258021562,0.01657598187526386,-0.14191976726867378,0.0,400.46423496788725,398.20055218604875,399.9733314605774,399.0965428911422
4.499999999999992,2.308964181907274,-1.7578259449647344,26.019609391018278,6.206732581634281,6.1451728518914965,0.0,1.5300041051351825,-1.6271929361863195,5.183839241384722,0.011835598123406402,-0.1478026056590374,0.0,452.6518523398742,452.1591729921498,454.2288997023335,453.84841805593027
4.559999999999991,2.403089897960427,-1.8567946274957536,26.32965414628922,6.207224484052743,6.136111551965813,0.0,1.608257106101662,-1.67173398484137,5.150941259244409,-0.00030442102737243595,-0.15838394407905315,0.0,424.10380681721773,423.17098735844684,426.15809520546316,425.118841346369
4.6199999999999894,2.5025814948164014,-1.9586960759393035,26.641158816723944,6.207180128486563,6.126695549088094,0.0,1.7089826981770715,-1.7249591065609233,5.231901390775642,-0.001623515562949742,-0.15418297609081089,0.0,460.5368059592145,460.84663935790616,461.9746686777617,461.87064646645774
4.679999999999988,2.608439092494998,-2.0638586940354586,26.958343128792727,6.20787058089206,6.116985699783193,0.0,1.8204581744653927,-1.7803872247600396,5.340100899261077,0.02963011932643054,-0.1850256042446265,0.0,473.1724748503058,470.7675095504424,468.73584172120536,471.1587207045126
4.739999999999987,2.7203384836832205,-2.1719521494376046,27.276965419674532,6.209924313078231,6.1056982542198455,0.0,1.9104164849894711,-1.822609494163607,5.280664678891859,0.04212384109919551,-0.1951674593881758,0.0,418.5356058885054,417.61479799577745,419.3593710871667,420.44398053947594
4.799999999999986,2.8388009971634753,-2.282944075522742,27.59741262875671,6.212299229109211,6.0938027515852795,0.0,2.0394240859715937,-1.8768278164674232,5.399959895531865,0.033941584380736904,-0.20528136035178154,0.0,475.72314835280434,474.91216085253626,477.09238450890666,476.4678148454681
4.859999999999984,2.9648505043216637,-2.3969962033078343,27.922884219453852,6.214564790441399,6.081225935716704,0.0,2.163305672788663,-1.924694750668636,5.448463419517473,0.04446957334377736,-0.2200873089105498,0.0,456.92427740423636,455.69983719123314,455.8600376214743,456.7013149406468
4.919999999999983,3.0984225044646503,-2.5138288262773476,28.2504919840877,6.217489304062992,6.067781290079971,0.0,2.290223122576391,-1.9694712105847263,5.471259497358233,0.05614747209625061,-0.23355115936986431,0.0,450.36129761635846,449.2213111054655,448.77054841087624,449.71904437296877
4.979999999999982,3.2399311688539587,-2.6333185178359875,28.57975719176706,6.220886117429194,6.053438425568778,0.0,2.427935060832857,-2.0132040736821493,5.5036058887507195,0.05752943218458362,-0.2532466302553565,0.0,454.71066899095416,453.07340963653957,453.5484598803911,453.6615760971842
5.0399999999999805,3.389853917048898,-2.7553421970292873,28.91041387517763,6.224630104764042,6.038107463025032,0.0,2.57076292004305,-2.053931737168223,5.517675708545125,0.07069258627583087,-0.2604803811274071,0.0,449.210646300367,448.5585452914895,449.25381365352797,450.322784827671
